instances/SET1_2-3/100-30-2-3.ophs
    164
    2189
    160
    2166
    160
    2186
instances/SET1_2-3/100-35-2-3.ophs
    0
    9
    0
    8
    0
    5
instances/SET1_2-3/100-40-2-3.ophs
    272
    3564
    272
    3539
    272
    3608
instances/SET1_2-3/100-45-2-3.ophs
    288
    3931
    292
    3948
    272
    3974
instances/SET1_2-3/102-50-2-3.ophs
    0
    9
    0
    7
    0
    9
instances/SET1_2-3/102-60-2-3.ophs
    0
    10
    0
    10
    0
    8
instances/SET1_2-3/64-45-2-3.ophs
    618
    2509
    624
    2502
    618
    2532
instances/SET1_2-3/64-50-2-3.ophs
    774
    2669
    756
    2672
    780
    2689
instances/SET1_2-3/64-55-2-3.ophs
    870
    2871
    876
    2888
    906
    2873
instances/SET1_2-3/64-60-2-3.ophs
    930
    2962
    924
    2962
    918
    2935
instances/SET1_2-3/64-65-2-3.ophs
    990
    3029
    990
    3086
    990
    3115
instances/SET1_2-3/64-70-2-3.ophs
    1026
    3231
    1032
    3220
    1032
    3209
instances/SET1_2-3/64-75-2-3.ophs
    1128
    3265
    1116
    3221
    1128
    3284
instances/SET1_2-3/64-80-2-3.ophs
    1194
    3222
    1182
    3258
    1224
    3207
instances/SET1_2-3/66-125-2-3.ophs
    1490
    3488
    1510
    3484
    1505
    3524
instances/SET1_2-3/66-130-2-3.ophs
    1515
    3523
    1560
    3509
    1530
    3524
instances/SET1_2-3/66-40-2-3.ophs
    495
    2275
    500
    2307
    485
    2288
instances/SET1_2-3/66-45-2-3.ophs
    600
    2391
    610
    2349
    610
    2367
instances/SET1_2-3/66-50-2-3.ophs
    670
    2516
    655
    2520
    660
    2525
instances/SET1_2-3/66-55-2-3.ophs
    740
    2635
    715
    2615
    705
    2578
instances/SET1_2-3/66-60-2-3.ophs
    750
    2684
    740
    2687
    740
    2702
instances/SET1_2-3/T1-65-2-3.ophs
    215
    838
    215
    839
    215
    841
instances/SET1_2-3/T1-70-2-3.ophs
    210
    839
    210
    840
    210
    834
instances/SET1_2-3/T1-73-2-3.ophs
    205
    844
    210
    831
    200
    840
instances/SET1_2-3/T1-75-2-3.ophs
    250
    840
    245
    837
    245
    834
instances/SET1_2-3/T1-80-2-3.ophs
    250
    835
    250
    834
    245
    829
instances/SET1_2-3/T1-85-2-3.ophs
    275
    883
    275
    857
    270
    841
instances/SET1_2-3/T3-100-2-3.ophs
    750
    882
    740
    876
    750
    871
instances/SET1_2-3/T3-105-2-3.ophs
    760
    879
    750
    881
    750
    894
instances/SET1_2-3/T3-65-2-3.ophs
    550
    867
    560
    857
    560
    864
instances/SET1_2-3/T3-75-2-3.ophs
    630
    888
    630
    891
    620
    874
instances/SET1_2-3/T3-80-2-3.ophs
    670
    901
    660
    890
    670
    904
instances/SET1_2-3/T3-85-2-3.ophs
    680
    897
    680
    894
    680
    907
instances/SET1_2-3/T3-90-2-3.ophs
    670
    880
    680
    885
    660
    873
instances/SET1_2-3/T3-95-2-3.ophs
    740
    893
    740
    912
    730
    886
instances/SET1_3-4/100-30-3-4.ophs
    0
    10
    0
    9
    0
    7
instances/SET1_3-4/100-35-3-4.ophs
    0
    11
    0
    11
    0
    11
instances/SET1_3-4/100-40-3-4.ophs
    0
    9
    0
    8
    0
    11
instances/SET1_3-4/100-45-3-4.ophs
    347
    2340
    339
    2261
    334
    2240
instances/SET1_3-4/102-50-3-4.ophs
    0
    11
    0
    7
    0
    7
instances/SET1_3-4/102-60-3-4.ophs
    0
    7
    0
    8
    0
    12
instances/SET1_3-4/64-45-3-4.ophs
    738
    1428
    768
    1416
    720
    1403
instances/SET1_3-4/64-50-3-4.ophs
    768
    2929
    762
    2906
    750
    2883
instances/SET1_3-4/64-55-3-4.ophs
    870
    3009
    864
    2989
    828
    3007
instances/SET1_3-4/64-60-3-4.ophs
    828
    3078
    948
    3059
    954
    3074
instances/SET1_3-4/64-65-3-4.ophs
    972
    3155
    990
    3168
    978
    3185
instances/SET1_3-4/64-70-3-4.ophs
    1038
    3216
    1020
    3214
    1038
    3205
instances/SET1_3-4/64-75-3-4.ophs
    1110
    3197
    1134
    3167
    1140
    3177
instances/SET1_3-4/64-80-3-4.ophs
    1152
    3180
    1158
    3194
    1152
    3194
instances/SET1_3-4/66-125-3-4.ophs
    1270
    3389
    1305
    3470
    1265
    3415
instances/SET1_3-4/66-130-3-4.ophs
    1485
    3398
    1455
    3389
    1445
    3394
instances/SET1_3-4/66-40-3-4.ophs
    485
    1335
    485
    1301
    485
    1299
instances/SET1_3-4/66-45-3-4.ophs
    0
    7
    0
    7
    0
    7
instances/SET1_3-4/66-50-3-4.ophs
    680
    2849
    675
    2840
    685
    2826
instances/SET1_3-4/66-55-3-4.ophs
    780
    2943
    780
    2944
    770
    2962
instances/SET1_3-4/66-60-3-4.ophs
    860
    3044
    865
    2981
    855
    2979
instances/SET1_3-4/T1-65-3-4.ophs
    190
    462
    190
    454
    195
    457
instances/SET1_3-4/T1-70-3-4.ophs
    240
    459
    240
    472
    240
    462
instances/SET1_3-4/T1-73-3-4.ophs
    250
    444
    250
    452
    250
    447
instances/SET1_3-4/T1-75-3-4.ophs
    195
    459
    195
    454
    195
    457
instances/SET1_3-4/T1-80-3-4.ophs
    240
    889
    240
    885
    235
    882
instances/SET1_3-4/T1-85-3-4.ophs
    260
    891
    255
    895
    255
    883
instances/SET1_3-4/T3-100-3-4.ophs
    680
    951
    670
    944
    670
    940
instances/SET1_3-4/T3-105-3-4.ophs
    720
    890
    740
    896
    740
    918
instances/SET1_3-4/T3-65-3-4.ophs
    0
    8
    0
    7
    0
    7
instances/SET1_3-4/T3-75-3-4.ophs
    580
    942
    590
    1006
    580
    950
instances/SET1_3-4/T3-80-3-4.ophs
    600
    480
    600
    477
    600
    484
instances/SET1_3-4/T3-85-3-4.ophs
    620
    477
    620
    479
    650
    486
instances/SET1_3-4/T3-90-3-4.ophs
    0
    7
    0
    7
    0
    8
instances/SET1_3-4/T3-95-3-4.ophs
    0
    10
    0
    6
    0
    6
instances/SET2_5-3/100-30-5-3.ophs
    147
    213
    147
    207
    143
    179
instances/SET2_5-3/100-35-5-3.ophs
    199
    303
    199
    299
    199
    296
instances/SET2_5-3/100-40-5-3.ophs
    263
    304
    263
    319
    263
    305
instances/SET2_5-3/100-45-5-3.ophs
    269
    348
    269
    346
    269
    346
instances/SET2_5-3/102-50-5-3.ophs
    181
    184
    181
    186
    181
    186
instances/SET2_5-3/102-60-5-3.ophs
    225
    260
    225
    251
    225
    257
instances/SET2_5-3/64-45-5-3.ophs
    630
    2573
    606
    2594
    642
    2569
instances/SET2_5-3/64-50-5-3.ophs
    762
    2723
    738
    2763
    768
    2722
instances/SET2_5-3/64-55-5-3.ophs
    828
    3102
    858
    2894
    840
    2873
instances/SET2_5-3/64-60-5-3.ophs
    912
    2915
    918
    2949
    918
    2947
instances/SET2_5-3/64-65-5-3.ophs
    1008
    3061
    972
    2997
    984
    2991
instances/SET2_5-3/64-70-5-3.ophs
    1044
    3105
    1068
    3100
    1050
    3081
instances/SET2_5-3/64-75-5-3.ophs
    1152
    3126
    1110
    3155
    1116
    4252
instances/SET2_5-3/64-80-5-3.ophs
    1164
    3505
    1170
    3596
    1158
    3327
instances/SET2_5-3/66-125-5-3.ophs
    1445
    3446
    1480
    3440
    1525
    3442
instances/SET2_5-3/66-130-5-3.ophs
    1530
    3443
    1485
    3439
    1490
    3435
instances/SET2_5-3/66-40-5-3.ophs
    480
    2104
    490
    2094
    475
    2066
instances/SET2_5-3/66-45-5-3.ophs
    515
    2431
    535
    2429
    540
    2408
instances/SET2_5-3/66-50-5-3.ophs
    575
    2552
    575
    2555
    570
    2554
instances/SET2_5-3/66-55-5-3.ophs
    675
    2650
    650
    2644
    655
    2679
instances/SET2_5-3/66-60-5-3.ophs
    720
    2765
    695
    2756
    700
    2802
instances/SET2_5-3/T1-65-5-3.ophs
    215
    836
    215
    842
    215
    830
instances/SET2_5-3/T1-70-5-3.ophs
    225
    837
    225
    845
    220
    835
instances/SET2_5-3/T1-73-5-3.ophs
    220
    835
    220
    832
    220
    823
instances/SET2_5-3/T1-75-5-3.ophs
    245
    833
    245
    833
    245
    830
instances/SET2_5-3/T1-80-5-3.ophs
    245
    841
    250
    835
    245
    847
instances/SET2_5-3/T1-85-5-3.ophs
    265
    852
    260
    844
    260
    850
instances/SET2_5-3/T3-100-5-3.ophs
    710
    888
    720
    911
    730
    885
instances/SET2_5-3/T3-105-5-3.ophs
    750
    874
    750
    880
    760
    874
instances/SET2_5-3/T3-65-5-3.ophs
    520
    851
    520
    864
    510
    859
instances/SET2_5-3/T3-75-5-3.ophs
    620
    890
    620
    889
    620
    882
instances/SET2_5-3/T3-80-5-3.ophs
    650
    896
    610
    890
    600
    891
instances/SET2_5-3/T3-85-5-3.ophs
    650
    889
    650
    887
    650
    898
instances/SET2_5-3/T3-90-5-3.ophs
    660
    882
    700
    883
    660
    881
instances/SET2_5-3/T3-95-5-3.ophs
    710
    880
    700
    904
    700
    887
instances/SET2_6-4/100-30-6-4.ophs
    0
    10
    0
    11
    0
    8
instances/SET2_6-4/100-35-6-4.ophs
    197
    69
    197
    66
    197
    70
instances/SET2_6-4/100-40-6-4.ophs
    216
    72
    216
    73
    216
    78
instances/SET2_6-4/100-45-6-4.ophs
    286
    80
    286
    78
    286
    80
instances/SET2_6-4/102-50-6-4.ophs
    0
    9
    0
    14
    0
    10
instances/SET2_6-4/102-60-6-4.ophs
    227
    211
    227
    213
    215
    219
instances/SET2_6-4/64-45-6-4.ophs
    648
    2221
    702
    2248
    666
    2187
instances/SET2_6-4/64-50-6-4.ophs
    660
    2979
    690
    2993
    702
    2983
instances/SET2_6-4/64-55-6-4.ophs
    786
    3076
    798
    3084
    804
    3059
instances/SET2_6-4/64-60-6-4.ophs
    834
    3115
    852
    3093
    834
    3119
instances/SET2_6-4/64-65-6-4.ophs
    954
    3197
    972
    3189
    978
    3175
instances/SET2_6-4/64-70-6-4.ophs
    1002
    3297
    978
    3225
    996
    3216
instances/SET2_6-4/64-75-6-4.ophs
    1062
    3217
    1080
    3230
    1074
    3257
instances/SET2_6-4/64-80-6-4.ophs
    1104
    3209
    1062
    3238
    1086
    3237
instances/SET2_6-4/66-125-6-4.ophs
    1440
    3407
    1460
    3432
    1460
    3450
instances/SET2_6-4/66-130-6-4.ophs
    1405
    3426
    1415
    3428
    1445
    3426
instances/SET2_6-4/66-40-6-4.ophs
    520
    1579
    520
    1618
    515
    1612
instances/SET2_6-4/66-45-6-4.ophs
    560
    868
    595
    879
    595
    877
instances/SET2_6-4/66-50-6-4.ophs
    650
    1617
    640
    1661
    660
    1656
instances/SET2_6-4/66-55-6-4.ophs
    735
    2477
    735
    2433
    765
    2480
instances/SET2_6-4/66-60-6-4.ophs
    795
    2668
    815
    2673
    845
    2693
instances/SET2_6-4/T1-65-6-4.ophs
    210
    884
    210
    894
    205
    884
instances/SET2_6-4/T1-70-6-4.ophs
    225
    895
    215
    895
    210
    902
instances/SET2_6-4/T1-73-6-4.ophs
    230
    902
    230
    890
    230
    901
instances/SET2_6-4/T1-75-6-4.ophs
    240
    889
    240
    884
    245
    882
instances/SET2_6-4/T1-80-6-4.ophs
    245
    894
    230
    889
    225
    878
instances/SET2_6-4/T1-85-6-4.ophs
    255
    888
    255
    884
    250
    897
instances/SET2_6-4/T3-100-6-4.ophs
    670
    935
    650
    918
    660
    918
instances/SET2_6-4/T3-105-6-4.ophs
    690
    911
    720
    912
    720
    912
instances/SET2_6-4/T3-65-6-4.ophs
    470
    869
    460
    883
    480
    870
instances/SET2_6-4/T3-75-6-4.ophs
    580
    916
    580
    922
    590
    915
instances/SET2_6-4/T3-80-6-4.ophs
    620
    909
    610
    897
    610
    1043
instances/SET2_6-4/T3-85-6-4.ophs
    620
    958
    620
    944
    600
    957
instances/SET2_6-4/T3-90-6-4.ophs
    660
    977
    650
    987
    640
    970
instances/SET2_6-4/T3-95-6-4.ophs
    640
    979
    650
    997
    650
    976
instances/SET3_10-4/100-100-10-4.ophs
    650
    5306
    656
    5289
    652
    5270
instances/SET3_10-4/100-110-10-4.ophs
    654
    6363
    662
    6430
    667
    6397
instances/SET3_10-4/100-120-10-4.ophs
    717
    6596
    722
    6619
    725
    6784
instances/SET3_10-4/100-130-10-4.ophs
    779
    6789
    805
    6772
    759
    6784
instances/SET3_10-4/100-140-10-4.ophs
    821
    6992
    819
    6978
    827
    6979
instances/SET3_10-4/100-150-10-4.ophs
    868
    7047
    903
    7125
    912
    7129
instances/SET3_10-4/100-160-10-4.ophs
    913
    7323
    906
    7320
    900
    7275
instances/SET3_10-4/100-170-10-4.ophs
    931
    7430
    927
    7514
    938
    7576
instances/SET3_10-4/100-180-10-4.ophs
    962
    7514
    976
    7555
    959
    7787
instances/SET3_10-4/100-190-10-4.ophs
    978
    7620
    996
    7280
    1002
    7249
instances/SET3_10-4/100-200-10-4.ophs
    1069
    7396
    1060
    7374
    1054
    7380
instances/SET3_10-4/100-210-10-4.ophs
    1100
    7423
    1111
    7493
    1107
    7454
instances/SET3_10-4/100-240-10-4.ophs
    1210
    7577
    1200
    7644
    1243
    7597
instances/SET3_10-4/100-50-10-4.ophs
    316
    162
    316
    161
    344
    160
instances/SET3_10-4/100-60-10-4.ophs
    384
    764
    388
    705
    388
    711
instances/SET3_10-4/100-70-10-4.ophs
    443
    1335
    448
    1366
    427
    1301
instances/SET3_10-4/100-80-10-4.ophs
    538
    3138
    526
    2992
    520
    3003
instances/SET3_10-4/100-90-10-4.ophs
    611
    4109
    636
    4193
    600
    4148
instances/SET3_10-4/64-75-10-4.ophs
    1080
    3238
    1074
    3227
    1080
    3249
instances/SET3_10-4/64-80-10-4.ophs
    1128
    3237
    1170
    3237
    1140
    3294
instances/SET3_10-4/66-125-10-4.ophs
    1445
    3436
    1420
    3462
    1435
    3432
instances/SET3_10-4/66-130-10-4.ophs
    1420
    3438
    1475
    3438
    1455
    3431
instances/SET3_12-5/100-100-12-5.ophs
    604
    4166
    627
    4152
    656
    4182
instances/SET3_12-5/100-110-12-5.ophs
    632
    2060
    657
    2093
    654
    2152
instances/SET3_12-5/100-120-12-5.ophs
    719
    3224
    701
    3162
    703
    3211
instances/SET3_12-5/100-130-12-5.ophs
    720
    4701
    715
    4837
    709
    4798
instances/SET3_12-5/100-140-12-5.ophs
    789
    4862
    807
    4842
    791
    4802
instances/SET3_12-5/100-150-12-5.ophs
    841
    7347
    827
    7299
    815
    7440
instances/SET3_12-5/100-160-12-5.ophs
    853
    7024
    842
    7005
    836
    6993
instances/SET3_12-5/100-170-12-5.ophs
    891
    7511
    850
    7554
    891
    7540
instances/SET3_12-5/100-180-12-5.ophs
    938
    7591
    935
    7573
    917
    7584
instances/SET3_12-5/100-190-12-5.ophs
    963
    8039
    976
    8001
    990
    8027
instances/SET3_12-5/100-200-12-5.ophs
    989
    8045
    1004
    8027
    1000
    8160
instances/SET3_12-5/100-210-12-5.ophs
    1051
    8098
    1038
    8064
    1058
    8103
instances/SET3_12-5/100-240-12-5.ophs
    1198
    8141
    1170
    8136
    1158
    8106
instances/SET3_12-5/100-50-12-5.ophs
    241
    22
    241
    22
    241
    27
instances/SET3_12-5/100-60-12-5.ophs
    316
    150
    378
    141
    378
    140
instances/SET3_12-5/100-70-12-5.ophs
    441
    336
    441
    349
    413
    405
instances/SET3_12-5/100-80-12-5.ophs
    442
    979
    508
    985
    474
    966
instances/SET3_12-5/100-90-12-5.ophs
    525
    1501
    530
    1465
    538
    1390
instances/SET3_12-5/64-75-12-5.ophs
    1062
    3320
    1038
    3292
    1062
    3287
instances/SET3_12-5/64-80-12-5.ophs
    1116
    3297
    1086
    3306
    1074
    3302
instances/SET3_12-5/66-125-12-5.ophs
    1410
    3690
    1415
    3680
    1390
    3763
instances/SET3_12-5/66-130-12-5.ophs
    1530
    3643
    1470
    3667
    1505
    3680
instances/SET4/100-20-3-2.ophs
    189
    2914
    189
    2867
    189
    2894
instances/SET4/100-20-3-3.ophs
    307
    4325
    296
    4339
    307
    4343
instances/SET4/100-25-3-2.ophs
    312
    3551
    301
    3533
    310
    3565
instances/SET4/100-25-3-3.ophs
    431
    4927
    415
    4907
    413
    4947
instances/SET4/102-35-3-2.ophs
    0
    6
    0
    6
    0
    6
instances/SET4/102-35-3-3.ophs
    0
    10
    0
    10
    0
    8
instances/SET4/102-40-3-2.ophs
    0
    6
    0
    7
    0
    8
instances/SET4/102-40-3-3.ophs
    0
    9
    0
    11
    0
    6
instances/SET4/102-45-3-2.ophs
    0
    6
    0
    8
    0
    9
instances/SET4/102-45-3-3.ophs
    0
    7
    0
    7
    0
    6
instances/SET5_10-5/100-100-10-5.ophs
    614
    3906
    588
    3878
    597
    3918
instances/SET5_10-5/100-110-10-5.ophs
    685
    2811
    614
    2799
    655
    2824
instances/SET5_10-5/100-120-10-5.ophs
    699
    4199
    683
    4166
    709
    4027
instances/SET5_10-5/100-130-10-5.ophs
    730
    5090
    756
    5136
    743
    5038
instances/SET5_10-5/100-140-10-5.ophs
    776
    6358
    760
    6383
    809
    6349
instances/SET5_10-5/100-150-10-5.ophs
    828
    7646
    819
    7526
    810
    7568
instances/SET5_10-5/100-160-10-5.ophs
    827
    7687
    877
    7722
    870
    7778
instances/SET5_10-5/100-170-10-5.ophs
    895
    7787
    911
    7746
    884
    7735
instances/SET5_10-5/100-180-10-5.ophs
    935
    7860
    912
    7965
    928
    7912
instances/SET5_10-5/100-190-10-5.ophs
    974
    7962
    955
    7914
    965
    7915
instances/SET5_10-5/100-200-10-5.ophs
    998
    7942
    1020
    7916
    1033
    8009
instances/SET5_10-5/100-210-10-5.ophs
    1027
    8105
    1019
    8051
    1039
    8030
instances/SET5_10-5/100-240-10-5.ophs
    1140
    8096
    1163
    8129
    1146
    8087
instances/SET5_10-5/100-50-10-5.ophs
    220
    30
    220
    29
    220
    29
instances/SET5_10-5/100-60-10-5.ophs
    332
    64
    332
    71
    332
    69
instances/SET5_10-5/100-70-10-5.ophs
    410
    74
    410
    74
    410
    75
instances/SET5_10-5/100-80-10-5.ophs
    468
    683
    450
    619
    450
    632
instances/SET5_10-5/100-90-10-5.ophs
    530
    1664
    530
    1540
    524
    1522
instances/SET5_10-5/64-75-10-5.ophs
    1038
    2941
    1032
    2917
    1068
    2951
instances/SET5_10-5/64-80-10-5.ophs
    1080
    2847
    1092
    2851
    1122
    2904
instances/SET5_10-5/66-125-10-5.ophs
    1385
    3702
    1375
    3669
    1435
    3726
instances/SET5_10-5/66-130-10-5.ophs
    1455
    3752
    1485
    3627
    1455
    3701
instances/SET5_10-6/100-100-10-6.ophs
    573
    554
    558
    559
    579
    545
instances/SET5_10-6/100-110-10-6.ophs
    614
    461
    610
    437
    610
    440
instances/SET5_10-6/100-120-10-6.ophs
    706
    3005
    729
    3093
    690
    3093
instances/SET5_10-6/100-130-10-6.ophs
    676
    2321
    699
    2211
    711
    2278
instances/SET5_10-6/100-140-10-6.ophs
    724
    4358
    742
    4262
    778
    4367
instances/SET5_10-6/100-150-10-6.ophs
    793
    5436
    767
    5503
    806
    5467
instances/SET5_10-6/100-160-10-6.ophs
    861
    6174
    864
    6292
    876
    6310
instances/SET5_10-6/100-170-10-6.ophs
    863
    7302
    871
    7254
    858
    7326
instances/SET5_10-6/100-180-10-6.ophs
    903
    7895
    872
    7890
    891
    7994
instances/SET5_10-6/100-190-10-6.ophs
    914
    8000
    901
    7997
    881
    8036
instances/SET5_10-6/100-200-10-6.ophs
    933
    8021
    982
    8078
    967
    8071
instances/SET5_10-6/100-210-10-6.ophs
    988
    8027
    974
    8052
    964
    8119
instances/SET5_10-6/100-240-10-6.ophs
    1060
    8014
    1062
    8017
    1110
    8023
instances/SET5_10-6/100-50-10-6.ophs
    0
    11
    0
    11
    0
    10
instances/SET5_10-6/100-60-10-6.ophs
    247
    21
    247
    16
    247
    16
instances/SET5_10-6/100-70-10-6.ophs
    414
    23
    414
    23
    414
    23
instances/SET5_10-6/100-80-10-6.ophs
    407
    24
    407
    24
    407
    29
instances/SET5_10-6/100-90-10-6.ophs
    486
    116
    486
    119
    486
    117
instances/SET5_10-6/64-75-10-6.ophs
    1068
    2431
    1020
    2397
    1008
    2478
instances/SET5_10-6/64-80-10-6.ophs
    1062
    2442
    996
    2427
    1032
    2418
instances/SET5_10-6/66-124-10-6.ophs
    1355
    3713
    1440
    3695
    1420
    3758
instances/SET5_10-6/66-129-10-6.ophs
    1470
    3676
    1420
    3708
    1485
    3709
instances/SET5_12-4/100-100-12-4.ophs
    651
    4695
    656
    4692
    695
    4749
instances/SET5_12-4/100-110-12-4.ophs
    674
    6174
    673
    6150
    669
    6169
instances/SET5_12-4/100-120-12-4.ophs
    731
    6369
    693
    6387
    684
    6384
instances/SET5_12-4/100-130-12-4.ophs
    770
    6497
    731
    6543
    753
    6927
instances/SET5_12-4/100-140-12-4.ophs
    821
    7076
    813
    7000
    807
    7054
instances/SET5_12-4/100-150-12-4.ophs
    896
    7199
    852
    7226
    882
    7247
instances/SET5_12-4/100-160-12-4.ophs
    886
    7344
    875
    7333
    909
    7352
instances/SET5_12-4/100-170-12-4.ophs
    945
    7429
    925
    7493
    927
    7431
instances/SET5_12-4/100-180-12-4.ophs
    961
    7483
    950
    7270
    978
    7221
instances/SET5_12-4/100-190-12-4.ophs
    1022
    7279
    1015
    7294
    998
    7316
instances/SET5_12-4/100-200-12-4.ophs
    1059
    7439
    1058
    7372
    1046
    7422
instances/SET5_12-4/100-210-12-4.ophs
    1073
    7567
    1079
    7427
    1060
    7438
instances/SET5_12-4/100-240-12-4.ophs
    1178
    7614
    1184
    7595
    1175
    7606
instances/SET5_12-4/100-50-12-4.ophs
    327
    543
    327
    544
    309
    565
instances/SET5_12-4/100-60-12-4.ophs
    370
    1151
    377
    1183
    370
    1174
instances/SET5_12-4/100-70-12-4.ophs
    474
    2131
    465
    2202
    461
    2078
instances/SET5_12-4/100-80-12-4.ophs
    546
    3118
    546
    3047
    533
    3117
instances/SET5_12-4/100-90-12-4.ophs
    577
    4543
    589
    4463
    568
    4464
instances/SET5_12-4/64-75-12-4.ophs
    1074
    3240
    1062
    3217
    1062
    3216
instances/SET5_12-4/64-80-12-4.ophs
    1110
    3245
    1098
    3267
    1134
    3278
instances/SET5_12-4/66-125-12-4.ophs
    1395
    3434
    1450
    3432
    1440
    3462
instances/SET5_12-4/66-130-12-4.ophs
    1475
    3429
    1500
    3424
    1445
    3419
instances/SET5_12-6/100-100-12-6.ophs
    544
    423
    544
    453
    554
    508
instances/SET5_12-6/100-110-12-6.ophs
    615
    322
    628
    292
    628
    295
instances/SET5_12-6/100-120-12-6.ophs
    721
    1647
    679
    1519
    705
    1530
instances/SET5_12-6/100-130-12-6.ophs
    739
    1474
    717
    1508
    759
    1503
instances/SET5_12-6/100-140-12-6.ophs
    798
    3228
    797
    3247
    791
    3173
instances/SET5_12-6/100-150-12-6.ophs
    819
    3479
    815
    3469
    811
    3449
instances/SET5_12-6/100-160-12-6.ophs
    838
    5235
    867
    5250
    894
    5301
instances/SET5_12-6/100-170-12-6.ophs
    925
    5904
    919
    5897
    896
    5894
instances/SET5_12-6/100-180-12-6.ophs
    934
    6167
    947
    6164
    984
    6176
instances/SET5_12-6/100-190-12-6.ophs
    943
    7185
    937
    7087
    964
    7119
instances/SET5_12-6/100-200-12-6.ophs
    999
    8048
    987
    8085
    1010
    8117
instances/SET5_12-6/100-210-12-6.ophs
    1032
    8137
    1022
    8094
    1038
    8146
instances/SET5_12-6/100-240-12-6.ophs
    1127
    8035
    1112
    8080
    1135
    8097
instances/SET5_12-6/100-50-12-6.ophs
    0
    13
    0
    19
    0
    13
instances/SET5_12-6/100-60-12-6.ophs
    111
    14
    111
    16
    111
    13
instances/SET5_12-6/100-70-12-6.ophs
    474
    32
    474
    33
    474
    33
instances/SET5_12-6/100-80-12-6.ophs
    445
    61
    445
    61
    445
    61
instances/SET5_12-6/100-90-12-6.ophs
    518
    178
    518
    178
    521
    198
instances/SET5_12-6/64-75-12-6.ophs
    1026
    1976
    1032
    1960
    1014
    1967
instances/SET5_12-6/64-80-12-6.ophs
    1068
    1629
    1062
    1630
    1098
    1659
instances/SET5_12-6/66-125-12-6.ophs
    1375
    3735
    1355
    3729
    1405
    3742
instances/SET5_12-6/66-130-12-6.ophs
    1415
    3712
    1390
    3687
    1405
    3680
instances/SET5_15-10/100-140-15-10.ophs
    453
    24
    453
    24
    453
    24
instances/SET5_15-10/100-150-15-10.ophs
    0
    23
    0
    22
    0
    23
instances/SET5_15-10/100-160-15-10.ophs
    537
    34
    537
    35
    537
    34
instances/SET5_15-10/100-170-15-10.ophs
    733
    92
    733
    92
    733
    87
instances/SET5_15-10/100-180-15-10.ophs
    725
    162
    826
    139
    826
    139
instances/SET5_15-10/100-190-15-10.ophs
    740
    129
    740
    131
    740
    130
instances/SET5_15-10/100-200-15-10.ophs
    829
    305
    864
    272
    864
    266
instances/SET5_15-10/100-210-15-10.ophs
    863
    348
    863
    346
    822
    344
instances/SET5_15-10/100-240-15-10.ophs
    923
    455
    1027
    500
    1027
    522
instances/SET5_15-4/100-100-15-4.ophs
    672
    3227
    687
    3184
    655
    3561
instances/SET5_15-4/100-110-15-4.ophs
    696
    6456
    715
    6422
    742
    6447
instances/SET5_15-4/100-120-15-4.ophs
    778
    6718
    773
    6732
    748
    6693
instances/SET5_15-4/100-130-15-4.ophs
    795
    6840
    795
    6883
    766
    6862
instances/SET5_15-4/100-140-15-4.ophs
    824
    7046
    872
    7019
    844
    7059
instances/SET5_15-4/100-150-15-4.ophs
    935
    7078
    898
    7123
    879
    7098
instances/SET5_15-4/100-160-15-4.ophs
    916
    7270
    892
    7302
    908
    7255
instances/SET5_15-4/100-170-15-4.ophs
    947
    7340
    960
    7374
    947
    7398
instances/SET5_15-4/100-180-15-4.ophs
    989
    7488
    1042
    7503
    999
    7545
instances/SET5_15-4/100-190-15-4.ophs
    1030
    7718
    1035
    7593
    1034
    7657
instances/SET5_15-4/100-200-15-4.ophs
    1060
    7879
    1056
    7378
    1068
    7431
instances/SET5_15-4/100-210-15-4.ophs
    1145
    7425
    1126
    7454
    1093
    7511
instances/SET5_15-4/100-240-15-4.ophs
    1201
    7539
    1227
    7631
    1208
    7664
instances/SET5_15-4/100-50-15-4.ophs
    290
    100
    290
    101
    290
    102
instances/SET5_15-4/100-60-15-4.ophs
    359
    153
    359
    162
    359
    160
instances/SET5_15-4/100-70-15-4.ophs
    426
    527
    468
    573
    468
    565
instances/SET5_15-4/100-80-15-4.ophs
    536
    2240
    552
    2286
    563
    2180
instances/SET5_15-4/100-90-15-4.ophs
    604
    4222
    592
    4245
    614
    4254
instances/SET5_15-4/64-75-15-4.ophs
    1092
    3235
    1050
    3252
    1074
    3291
instances/SET5_15-4/64-80-15-4.ophs
    1104
    3257
    1128
    3267
    1104
    3278
instances/SET5_15-4/66-125-15-4.ophs
    1440
    3411
    1455
    3428
    1495
    3430
instances/SET5_15-4/66-130-15-4.ophs
    1425
    3423
    1445
    3435
    1440
    3421
instances/SET5_15-5/100-100-15-5.ophs
    648
    2709
    612
    2602
    624
    2671
instances/SET5_15-5/100-110-15-5.ophs
    675
    1831
    672
    1932
    712
    1985
instances/SET5_15-5/100-120-15-5.ophs
    762
    2143
    719
    2113
    741
    2115
instances/SET5_15-5/100-130-15-5.ophs
    770
    4328
    769
    4245
    764
    4161
instances/SET5_15-5/100-140-15-5.ophs
    807
    6533
    879
    6411
    797
    6455
instances/SET5_15-5/100-150-15-5.ophs
    853
    7280
    845
    8121
    876
    7528
instances/SET5_15-5/100-160-15-5.ophs
    890
    7283
    902
    7239
    861
    7264
instances/SET5_15-5/100-170-15-5.ophs
    912
    7462
    906
    7410
    919
    7442
instances/SET5_15-5/100-180-15-5.ophs
    947
    7570
    937
    7546
    934
    7520
instances/SET5_15-5/100-190-15-5.ophs
    984
    7603
    986
    7684
    999
    7633
instances/SET5_15-5/100-200-15-5.ophs
    1062
    7642
    1007
    7686
    1011
    7677
instances/SET5_15-5/100-210-15-5.ophs
    1087
    7675
    1038
    7734
    1065
    7676
instances/SET5_15-5/100-240-15-5.ophs
    1167
    7731
    1200
    7786
    1151
    7759
instances/SET5_15-5/100-50-15-5.ophs
    239
    34
    239
    31
    239
    25
instances/SET5_15-5/100-60-15-5.ophs
    392
    64
    392
    64
    392
    64
instances/SET5_15-5/100-70-15-5.ophs
    385
    79
    385
    81
    385
    75
instances/SET5_15-5/100-80-15-5.ophs
    486
    304
    457
    282
    457
    282
instances/SET5_15-5/100-90-15-5.ophs
    552
    505
    571
    520
    571
    536
instances/SET5_15-5/64-75-15-5.ophs
    1056
    3341
    1062
    3359
    1086
    3342
instances/SET5_15-5/64-80-15-5.ophs
    1056
    3326
    1080
    3348
    1032
    3330
instances/SET5_15-5/66-125-15-5.ophs
    1370
    3561
    1350
    3553
    1355
    3555
instances/SET5_15-5/66-130-15-5.ophs
    1450
    3510
    1495
    3527
    1435
    3503
instances/SET5_15-6/100-100-15-6.ophs
    575
    322
    575
    317
    581
    329
instances/SET5_15-6/100-110-15-6.ophs
    597
    334
    597
    331
    638
    303
instances/SET5_15-6/100-120-15-6.ophs
    646
    1868
    731
    1799
    690
    1893
instances/SET5_15-6/100-130-15-6.ophs
    723
    1368
    738
    1381
    752
    1356
instances/SET5_15-6/100-140-15-6.ophs
    822
    2043
    796
    2061
    769
    2101
instances/SET5_15-6/100-150-15-6.ophs
    801
    2252
    824
    2337
    822
    2357
instances/SET5_15-6/100-160-15-6.ophs
    835
    6816
    874
    6796
    888
    6774
instances/SET5_15-6/100-170-15-6.ophs
    892
    7143
    899
    7136
    870
    7120
instances/SET5_15-6/100-180-15-6.ophs
    941
    7371
    909
    7355
    941
    7306
instances/SET5_15-6/100-190-15-6.ophs
    978
    7342
    941
    7345
    939
    7363
instances/SET5_15-6/100-200-15-6.ophs
    994
    8036
    1027
    8066
    966
    8017
instances/SET5_15-6/100-210-15-6.ophs
    1000
    8008
    1016
    8064
    997
    8077
instances/SET5_15-6/100-240-15-6.ophs
    1150
    8038
    1153
    8068
    1133
    8407
instances/SET5_15-6/100-50-15-6.ophs
    0
    16
    0
    21
    0
    21
instances/SET5_15-6/100-60-15-6.ophs
    205
    22
    205
    21
    205
    20
instances/SET5_15-6/100-70-15-6.ophs
    345
    34
    345
    28
    345
    27
instances/SET5_15-6/100-80-15-6.ophs
    473
    42
    473
    42
    473
    44
instances/SET5_15-6/100-90-15-6.ophs
    544
    155
    544
    160
    544
    153
instances/SET5_15-6/64-75-15-6.ophs
    1014
    2233
    1044
    2228
    1080
    2286
instances/SET5_15-6/64-80-15-6.ophs
    1062
    1909
    1074
    1860
    1044
    1919
instances/SET5_15-6/66-125-15-6.ophs
    1310
    3736
    1320
    3736
    1355
    3739
instances/SET5_15-6/66-130-15-6.ophs
    1350
    3713
    1365
    3694
    1355
    3674
instances/SET5_15-8/100-100-15-8.ophs
    437
    31
    437
    31
    437
    26
instances/SET5_15-8/100-110-15-8.ophs
    0
    23
    0
    29
    0
    29
instances/SET5_15-8/100-120-15-8.ophs
    566
    51
    566
    47
    566
    46
instances/SET5_15-8/100-130-15-8.ophs
    559
    76
    607
    68
    607
    67
instances/SET5_15-8/100-140-15-8.ophs
    668
    87
    668
    94
    668
    90
instances/SET5_15-8/100-150-15-8.ophs
    681
    216
    681
    219
    681
    220
instances/SET5_15-8/100-160-15-8.ophs
    753
    577
    753
    571
    744
    571
instances/SET5_15-8/100-170-15-8.ophs
    789
    1410
    846
    1365
    760
    1293
instances/SET5_15-8/100-180-15-8.ophs
    810
    1888
    827
    1841
    840
    1854
instances/SET5_15-8/100-190-15-8.ophs
    864
    3708
    841
    3654
    885
    3743
instances/SET5_15-8/100-200-15-8.ophs
    879
    2450
    905
    2542
    925
    2610
instances/SET5_15-8/100-210-15-8.ophs
    951
    2693
    926
    2648
    922
    2709
instances/SET5_15-8/100-240-15-8.ophs
    1059
    3920
    1067
    3899
    1002
    3830
